{
 "cells": [
  {
   "cell_type": "code",
   "execution_count": 1,
   "id": "22564110",
   "metadata": {},
   "outputs": [],
   "source": [
    "import numpy as np\n",
    "from itertools import chain"
   ]
  },
  {
   "cell_type": "code",
   "execution_count": 2,
   "id": "3cf98407",
   "metadata": {},
   "outputs": [],
   "source": [
    "np.set_printoptions(suppress=True)"
   ]
  },
  {
   "cell_type": "code",
   "execution_count": 6,
   "id": "c048a158",
   "metadata": {},
   "outputs": [],
   "source": [
    "weight_m = [[0.5, 1.0, 1.5, 2.0, 2.5, 3.0, 3.5, 4.0],\n",
    "          [4.5, 5.0, 5.5, 6.0, 6.5, 7.0, 7.5, 8.0],\n",
    "          [8.5, 9.0, 9.5, 10.0, 10.5, 11.0, 11.5, 12.0],\n",
    "          [12.5, 13.0, 13.5, 14.0, 14.5, 15.0, 15.5, 16.0],\n",
    "          [16.5, 17.0, 17.5, 18.0, 18.5, 19.0, 19.5, 20.0],\n",
    "          [20.5, 21.0, 21.5, 22.0, 22.5, 23.0, 23.5, 24.0],\n",
    "          [24.5, 25.0, 25.5, 26.0, 26.5, 27.0, 27.5, 28.0],\n",
    "          [28.5, 29.0, 29.5, 30.0, 30.5, 31.0, 31.5, 32.0]]\n",
    "\n",
    "input_m = [[-32.0, -30.0, -28.0, -26.0, -24.0, -22.0, -20.0, -18.0],\n",
    "           [-16.0, -15.0, -14.0, -13.0, -12.0, -11.0, -10.0, -9.0],\n",
    "           [-8.0, -7.0, -6.0, -5.0, -4.0, -3.0, -2.0, -1.0],\n",
    "           [-0.5, -0.25, -0.125, -0.0625, -0.03125, -0.015625, -0.0078125, -0.00390625],\n",
    "           [0, 0.00390625, 0.0078125, 0.015625, 0.03125, 0.0625, 0.125, 0.25],\n",
    "           [0.5, 1.0, 2.0, 4.0, 8.0, 16.0, 32.0, 64.0],\n",
    "           [128.0, 256.0, 512.0, 1024.0, 2048.0, 4096.0, 8192.0, 16384.0],\n",
    "           [32768.0, 65536.0, 131072.0, 262144.0, 524288.0, 1048576.0, 2097152.0, 4194304.0]]"
   ]
  },
  {
   "cell_type": "code",
   "execution_count": 3,
   "id": "58da9e2d",
   "metadata": {},
   "outputs": [],
   "source": [
    "weight_m = [[0.840188, 0.394383, 0.783099, 0.798440, 0.911647, 0.197551, 0.335223, 0.768230],\n",
    "            [0.277775, 0.553970, 0.477397, 0.628871, 0.364784, 0.513401, 0.952230, 0.916195],\n",
    "            [0.635712, 0.717297, 0.141603, 0.606969, 0.016301, 0.242887, 0.137232, 0.804177],\n",
    "            [0.156679, 0.400944, 0.129790, 0.108809, 0.998924, 0.218257, 0.512932, 0.839112],\n",
    "            [0.612640, 0.296032, 0.637552, 0.524287, 0.493583, 0.972775, 0.292517, 0.771358],\n",
    "            [0.526745, 0.769914, 0.400229, 0.891529, 0.283315, 0.352458, 0.807725, 0.919026],\n",
    "            [0.069755, 0.949327, 0.525995, 0.086056, 0.192214, 0.663227, 0.890233, 0.348893],\n",
    "            [0.064171, 0.020023, 0.457702, 0.063096, 0.238280, 0.970634, 0.902208, 0.850920]]\n",
    "\n",
    "input_m = [[0.266666, 0.539760, 0.375207, 0.760249, 0.512535, 0.667724, 0.531606, 0.039280],\n",
    "           [0.437638, 0.931835, 0.930810, 0.720952, 0.284293, 0.738534, 0.639979, 0.354049],\n",
    "           [0.687861, 0.165974, 0.440105, 0.880075, 0.829201, 0.330337, 0.228968, 0.893372],\n",
    "           [0.350360, 0.686670, 0.956468, 0.588640, 0.657304, 0.858676, 0.439560, 0.923970],\n",
    "           [0.398437, 0.814767, 0.684219, 0.910972, 0.482491, 0.215825, 0.950252, 0.920128],\n",
    "           [0.147660, 0.881062, 0.641081, 0.431953, 0.619596, 0.281059, 0.786002, 0.307458],\n",
    "           [0.447034, 0.226107, 0.187533, 0.276235, 0.556444, 0.416501, 0.169607, 0.906804],\n",
    "           [0.103171, 0.126075, 0.495444, 0.760475, 0.984752, 0.935004, 0.684445, 0.383188]]\n"
   ]
  },
  {
   "cell_type": "code",
   "execution_count": 4,
   "id": "658154d4",
   "metadata": {},
   "outputs": [
    {
     "name": "stdout",
     "output_type": "stream",
     "text": [
      "0.0025206368800000005\n",
      "0.009609760007\n",
      "0.418507911151\n",
      "0.476806722271\n",
      "0.696054822111\n",
      "0.994484010483\n",
      "1.8126098337149998\n",
      "2.1386721666749997\n"
     ]
    }
   ],
   "source": [
    "sum = 0\n",
    "for i in range(8):\n",
    "    sum += (weight_m[7][i] * input_m[i][7])\n",
    "    print(sum)"
   ]
  },
  {
   "cell_type": "code",
   "execution_count": 7,
   "id": "9501339f",
   "metadata": {},
   "outputs": [
    {
     "data": {
      "text/plain": [
       "array([[1.31476500e+05, 2.63002010e+05, 5.26048770e+05, 1.05213841e+06,\n",
       "        2.10431402e+06, 4.20866162e+06, 8.41735330e+06, 1.68347331e+07],\n",
       "       [2.62836500e+05, 5.25965025e+05, 1.05220030e+06, 2.10465023e+06,\n",
       "        4.20953002e+06, 8.41926981e+06, 1.68387298e+07, 3.36776301e+07],\n",
       "       [3.94196500e+05, 7.88928041e+05, 1.57835183e+06, 3.15716204e+06,\n",
       "        6.31474602e+06, 1.26298780e+07, 2.52601062e+07, 5.05205271e+07],\n",
       "       [5.25556500e+05, 1.05189106e+06, 2.10450336e+06, 4.20967385e+06,\n",
       "        8.41996202e+06, 1.68404862e+07, 3.36814827e+07, 6.73634241e+07],\n",
       "       [6.56916500e+05, 1.31485407e+06, 2.63065489e+06, 5.26218566e+06,\n",
       "        1.05251780e+07, 2.10510944e+07, 4.21028592e+07, 8.42063211e+07],\n",
       "       [7.88276500e+05, 1.57781709e+06, 3.15680643e+06, 6.31469748e+06,\n",
       "        1.26303940e+07, 2.52617026e+07, 5.05242356e+07, 1.01049218e+08],\n",
       "       [9.19636500e+05, 1.84078010e+06, 3.68295796e+06, 7.36720929e+06,\n",
       "        1.47356100e+07, 2.94723108e+07, 5.89456121e+07, 1.17892115e+08],\n",
       "       [1.05099650e+06, 2.10374312e+06, 4.20910949e+06, 8.41972110e+06,\n",
       "        1.68408260e+07, 3.36829189e+07, 6.73669886e+07, 1.34735012e+08]])"
      ]
     },
     "execution_count": 7,
     "metadata": {},
     "output_type": "execute_result"
    }
   ],
   "source": [
    "np.matmul(weight_m, input_m)"
   ]
  },
  {
   "cell_type": "code",
   "execution_count": 10,
   "id": "3af0f239",
   "metadata": {},
   "outputs": [
    {
     "name": "stdout",
     "output_type": "stream",
     "text": [
      "\n",
      "(0.5 * -32.0),\t(0.5 * -30.0),\t(0.5 * -28.0),\t(0.5 * -26.0),\t(0.5 * -24.0),\t(0.5 * -22.0),\t(0.5 * -20.0),\t(0.5 * -18.0),\t\n",
      "(1.0 * -16.0),\t(1.0 * -15.0),\t(1.0 * -14.0),\t(1.0 * -13.0),\t(1.0 * -12.0),\t(1.0 * -11.0),\t(1.0 * -10.0),\t(1.0 * -9.0),\t\n",
      "(1.5 * -8.0),\t(1.5 * -7.0),\t(1.5 * -6.0),\t(1.5 * -5.0),\t(1.5 * -4.0),\t(1.5 * -3.0),\t(1.5 * -2.0),\t(1.5 * -1.0),\t\n",
      "(2.0 * -0.5),\t(2.0 * -0.25),\t(2.0 * -0.125),\t(2.0 * -0.0625),\t(2.0 * -0.03125),\t(2.0 * -0.015625),\t(2.0 * -0.0078125),\t(2.0 * -0.00390625),\t\n",
      "(2.5 * 0),\t(2.5 * 0.00390625),\t(2.5 * 0.0078125),\t(2.5 * 0.015625),\t(2.5 * 0.03125),\t(2.5 * 0.0625),\t(2.5 * 0.125),\t(2.5 * 0.25),\t\n",
      "(3.0 * 0.5),\t(3.0 * 1.0),\t(3.0 * 2.0),\t(3.0 * 4.0),\t(3.0 * 8.0),\t(3.0 * 16.0),\t(3.0 * 32.0),\t(3.0 * 64.0),\t\n",
      "(3.5 * 128.0),\t(3.5 * 256.0),\t(3.5 * 512.0),\t(3.5 * 1024.0),\t(3.5 * 2048.0),\t(3.5 * 4096.0),\t(3.5 * 8192.0),\t(3.5 * 16384.0),\t\n",
      "(4.0 * 32768.0),\t(4.0 * 65536.0),\t(4.0 * 131072.0),\t(4.0 * 262144.0),\t(4.0 * 524288.0),\t(4.0 * 1048576.0),\t(4.0 * 2097152.0),\t(4.0 * 4194304.0),\t\n",
      "(4.5 * -32.0),\t(4.5 * -30.0),\t(4.5 * -28.0),\t(4.5 * -26.0),\t(4.5 * -24.0),\t(4.5 * -22.0),\t(4.5 * -20.0),\t(4.5 * -18.0),\t\n",
      "(5.0 * -16.0),\t(5.0 * -15.0),\t(5.0 * -14.0),\t(5.0 * -13.0),\t(5.0 * -12.0),\t(5.0 * -11.0),\t(5.0 * -10.0),\t(5.0 * -9.0),\t\n",
      "(5.5 * -8.0),\t(5.5 * -7.0),\t(5.5 * -6.0),\t(5.5 * -5.0),\t(5.5 * -4.0),\t(5.5 * -3.0),\t(5.5 * -2.0),\t(5.5 * -1.0),\t\n",
      "(6.0 * -0.5),\t(6.0 * -0.25),\t(6.0 * -0.125),\t(6.0 * -0.0625),\t(6.0 * -0.03125),\t(6.0 * -0.015625),\t(6.0 * -0.0078125),\t(6.0 * -0.00390625),\t\n",
      "(6.5 * 0),\t(6.5 * 0.00390625),\t(6.5 * 0.0078125),\t(6.5 * 0.015625),\t(6.5 * 0.03125),\t(6.5 * 0.0625),\t(6.5 * 0.125),\t(6.5 * 0.25),\t\n",
      "(7.0 * 0.5),\t(7.0 * 1.0),\t(7.0 * 2.0),\t(7.0 * 4.0),\t(7.0 * 8.0),\t(7.0 * 16.0),\t(7.0 * 32.0),\t(7.0 * 64.0),\t\n",
      "(7.5 * 128.0),\t(7.5 * 256.0),\t(7.5 * 512.0),\t(7.5 * 1024.0),\t(7.5 * 2048.0),\t(7.5 * 4096.0),\t(7.5 * 8192.0),\t(7.5 * 16384.0),\t\n",
      "(8.0 * 32768.0),\t(8.0 * 65536.0),\t(8.0 * 131072.0),\t(8.0 * 262144.0),\t(8.0 * 524288.0),\t(8.0 * 1048576.0),\t(8.0 * 2097152.0),\t(8.0 * 4194304.0),\t\n",
      "(8.5 * -32.0),\t(8.5 * -30.0),\t(8.5 * -28.0),\t(8.5 * -26.0),\t(8.5 * -24.0),\t(8.5 * -22.0),\t(8.5 * -20.0),\t(8.5 * -18.0),\t\n",
      "(9.0 * -16.0),\t(9.0 * -15.0),\t(9.0 * -14.0),\t(9.0 * -13.0),\t(9.0 * -12.0),\t(9.0 * -11.0),\t(9.0 * -10.0),\t(9.0 * -9.0),\t\n",
      "(9.5 * -8.0),\t(9.5 * -7.0),\t(9.5 * -6.0),\t(9.5 * -5.0),\t(9.5 * -4.0),\t(9.5 * -3.0),\t(9.5 * -2.0),\t(9.5 * -1.0),\t\n",
      "(10.0 * -0.5),\t(10.0 * -0.25),\t(10.0 * -0.125),\t(10.0 * -0.0625),\t(10.0 * -0.03125),\t(10.0 * -0.015625),\t(10.0 * -0.0078125),\t(10.0 * -0.00390625),\t\n",
      "(10.5 * 0),\t(10.5 * 0.00390625),\t(10.5 * 0.0078125),\t(10.5 * 0.015625),\t(10.5 * 0.03125),\t(10.5 * 0.0625),\t(10.5 * 0.125),\t(10.5 * 0.25),\t\n",
      "(11.0 * 0.5),\t(11.0 * 1.0),\t(11.0 * 2.0),\t(11.0 * 4.0),\t(11.0 * 8.0),\t(11.0 * 16.0),\t(11.0 * 32.0),\t(11.0 * 64.0),\t\n",
      "(11.5 * 128.0),\t(11.5 * 256.0),\t(11.5 * 512.0),\t(11.5 * 1024.0),\t(11.5 * 2048.0),\t(11.5 * 4096.0),\t(11.5 * 8192.0),\t(11.5 * 16384.0),\t\n",
      "(12.0 * 32768.0),\t(12.0 * 65536.0),\t(12.0 * 131072.0),\t(12.0 * 262144.0),\t(12.0 * 524288.0),\t(12.0 * 1048576.0),\t(12.0 * 2097152.0),\t(12.0 * 4194304.0),\t\n",
      "(12.5 * -32.0),\t(12.5 * -30.0),\t(12.5 * -28.0),\t(12.5 * -26.0),\t(12.5 * -24.0),\t(12.5 * -22.0),\t(12.5 * -20.0),\t(12.5 * -18.0),\t\n",
      "(13.0 * -16.0),\t(13.0 * -15.0),\t(13.0 * -14.0),\t(13.0 * -13.0),\t(13.0 * -12.0),\t(13.0 * -11.0),\t(13.0 * -10.0),\t(13.0 * -9.0),\t\n",
      "(13.5 * -8.0),\t(13.5 * -7.0),\t(13.5 * -6.0),\t(13.5 * -5.0),\t(13.5 * -4.0),\t(13.5 * -3.0),\t(13.5 * -2.0),\t(13.5 * -1.0),\t\n",
      "(14.0 * -0.5),\t(14.0 * -0.25),\t(14.0 * -0.125),\t(14.0 * -0.0625),\t(14.0 * -0.03125),\t(14.0 * -0.015625),\t(14.0 * -0.0078125),\t(14.0 * -0.00390625),\t\n",
      "(14.5 * 0),\t(14.5 * 0.00390625),\t(14.5 * 0.0078125),\t(14.5 * 0.015625),\t(14.5 * 0.03125),\t(14.5 * 0.0625),\t(14.5 * 0.125),\t(14.5 * 0.25),\t\n",
      "(15.0 * 0.5),\t(15.0 * 1.0),\t(15.0 * 2.0),\t(15.0 * 4.0),\t(15.0 * 8.0),\t(15.0 * 16.0),\t(15.0 * 32.0),\t(15.0 * 64.0),\t\n",
      "(15.5 * 128.0),\t(15.5 * 256.0),\t(15.5 * 512.0),\t(15.5 * 1024.0),\t(15.5 * 2048.0),\t(15.5 * 4096.0),\t(15.5 * 8192.0),\t(15.5 * 16384.0),\t\n",
      "(16.0 * 32768.0),\t(16.0 * 65536.0),\t(16.0 * 131072.0),\t(16.0 * 262144.0),\t(16.0 * 524288.0),\t(16.0 * 1048576.0),\t(16.0 * 2097152.0),\t(16.0 * 4194304.0),\t\n",
      "(16.5 * -32.0),\t(16.5 * -30.0),\t(16.5 * -28.0),\t(16.5 * -26.0),\t(16.5 * -24.0),\t(16.5 * -22.0),\t(16.5 * -20.0),\t(16.5 * -18.0),\t\n",
      "(17.0 * -16.0),\t(17.0 * -15.0),\t(17.0 * -14.0),\t(17.0 * -13.0),\t(17.0 * -12.0),\t(17.0 * -11.0),\t(17.0 * -10.0),\t(17.0 * -9.0),\t\n",
      "(17.5 * -8.0),\t(17.5 * -7.0),\t(17.5 * -6.0),\t(17.5 * -5.0),\t(17.5 * -4.0),\t(17.5 * -3.0),\t(17.5 * -2.0),\t(17.5 * -1.0),\t\n",
      "(18.0 * -0.5),\t(18.0 * -0.25),\t(18.0 * -0.125),\t(18.0 * -0.0625),\t(18.0 * -0.03125),\t(18.0 * -0.015625),\t(18.0 * -0.0078125),\t(18.0 * -0.00390625),\t\n",
      "(18.5 * 0),\t(18.5 * 0.00390625),\t(18.5 * 0.0078125),\t(18.5 * 0.015625),\t(18.5 * 0.03125),\t(18.5 * 0.0625),\t(18.5 * 0.125),\t(18.5 * 0.25),\t\n",
      "(19.0 * 0.5),\t(19.0 * 1.0),\t(19.0 * 2.0),\t(19.0 * 4.0),\t(19.0 * 8.0),\t(19.0 * 16.0),\t(19.0 * 32.0),\t(19.0 * 64.0),\t\n",
      "(19.5 * 128.0),\t(19.5 * 256.0),\t(19.5 * 512.0),\t(19.5 * 1024.0),\t(19.5 * 2048.0),\t(19.5 * 4096.0),\t(19.5 * 8192.0),\t(19.5 * 16384.0),\t\n",
      "(20.0 * 32768.0),\t(20.0 * 65536.0),\t(20.0 * 131072.0),\t(20.0 * 262144.0),\t(20.0 * 524288.0),\t(20.0 * 1048576.0),\t(20.0 * 2097152.0),\t(20.0 * 4194304.0),\t\n",
      "(20.5 * -32.0),\t(20.5 * -30.0),\t(20.5 * -28.0),\t(20.5 * -26.0),\t(20.5 * -24.0),\t(20.5 * -22.0),\t(20.5 * -20.0),\t(20.5 * -18.0),\t\n",
      "(21.0 * -16.0),\t(21.0 * -15.0),\t(21.0 * -14.0),\t(21.0 * -13.0),\t(21.0 * -12.0),\t(21.0 * -11.0),\t(21.0 * -10.0),\t(21.0 * -9.0),\t\n",
      "(21.5 * -8.0),\t(21.5 * -7.0),\t(21.5 * -6.0),\t(21.5 * -5.0),\t(21.5 * -4.0),\t(21.5 * -3.0),\t(21.5 * -2.0),\t(21.5 * -1.0),\t\n",
      "(22.0 * -0.5),\t(22.0 * -0.25),\t(22.0 * -0.125),\t(22.0 * -0.0625),\t(22.0 * -0.03125),\t(22.0 * -0.015625),\t(22.0 * -0.0078125),\t(22.0 * -0.00390625),\t\n",
      "(22.5 * 0),\t(22.5 * 0.00390625),\t(22.5 * 0.0078125),\t(22.5 * 0.015625),\t(22.5 * 0.03125),\t(22.5 * 0.0625),\t(22.5 * 0.125),\t(22.5 * 0.25),\t\n",
      "(23.0 * 0.5),\t(23.0 * 1.0),\t(23.0 * 2.0),\t(23.0 * 4.0),\t(23.0 * 8.0),\t(23.0 * 16.0),\t(23.0 * 32.0),\t(23.0 * 64.0),\t\n",
      "(23.5 * 128.0),\t(23.5 * 256.0),\t(23.5 * 512.0),\t(23.5 * 1024.0),\t(23.5 * 2048.0),\t(23.5 * 4096.0),\t(23.5 * 8192.0),\t(23.5 * 16384.0),\t\n",
      "(24.0 * 32768.0),\t(24.0 * 65536.0),\t(24.0 * 131072.0),\t(24.0 * 262144.0),\t(24.0 * 524288.0),\t(24.0 * 1048576.0),\t(24.0 * 2097152.0),\t(24.0 * 4194304.0),\t\n",
      "(24.5 * -32.0),\t(24.5 * -30.0),\t(24.5 * -28.0),\t(24.5 * -26.0),\t(24.5 * -24.0),\t(24.5 * -22.0),\t(24.5 * -20.0),\t(24.5 * -18.0),\t\n",
      "(25.0 * -16.0),\t(25.0 * -15.0),\t(25.0 * -14.0),\t(25.0 * -13.0),\t(25.0 * -12.0),\t(25.0 * -11.0),\t(25.0 * -10.0),\t(25.0 * -9.0),\t\n",
      "(25.5 * -8.0),\t(25.5 * -7.0),\t(25.5 * -6.0),\t(25.5 * -5.0),\t(25.5 * -4.0),\t(25.5 * -3.0),\t(25.5 * -2.0),\t(25.5 * -1.0),\t\n",
      "(26.0 * -0.5),\t(26.0 * -0.25),\t(26.0 * -0.125),\t(26.0 * -0.0625),\t(26.0 * -0.03125),\t(26.0 * -0.015625),\t(26.0 * -0.0078125),\t(26.0 * -0.00390625),\t\n",
      "(26.5 * 0),\t(26.5 * 0.00390625),\t(26.5 * 0.0078125),\t(26.5 * 0.015625),\t(26.5 * 0.03125),\t(26.5 * 0.0625),\t(26.5 * 0.125),\t(26.5 * 0.25),\t\n",
      "(27.0 * 0.5),\t(27.0 * 1.0),\t(27.0 * 2.0),\t(27.0 * 4.0),\t(27.0 * 8.0),\t(27.0 * 16.0),\t(27.0 * 32.0),\t(27.0 * 64.0),\t\n",
      "(27.5 * 128.0),\t(27.5 * 256.0),\t(27.5 * 512.0),\t(27.5 * 1024.0),\t(27.5 * 2048.0),\t(27.5 * 4096.0),\t(27.5 * 8192.0),\t(27.5 * 16384.0),\t\n",
      "(28.0 * 32768.0),\t(28.0 * 65536.0),\t(28.0 * 131072.0),\t(28.0 * 262144.0),\t(28.0 * 524288.0),\t(28.0 * 1048576.0),\t(28.0 * 2097152.0),\t(28.0 * 4194304.0),\t\n",
      "(28.5 * -32.0),\t(28.5 * -30.0),\t(28.5 * -28.0),\t(28.5 * -26.0),\t(28.5 * -24.0),\t(28.5 * -22.0),\t(28.5 * -20.0),\t(28.5 * -18.0),\t\n",
      "(29.0 * -16.0),\t(29.0 * -15.0),\t(29.0 * -14.0),\t(29.0 * -13.0),\t(29.0 * -12.0),\t(29.0 * -11.0),\t(29.0 * -10.0),\t(29.0 * -9.0),\t\n",
      "(29.5 * -8.0),\t(29.5 * -7.0),\t(29.5 * -6.0),\t(29.5 * -5.0),\t(29.5 * -4.0),\t(29.5 * -3.0),\t(29.5 * -2.0),\t(29.5 * -1.0),\t\n",
      "(30.0 * -0.5),\t(30.0 * -0.25),\t(30.0 * -0.125),\t(30.0 * -0.0625),\t(30.0 * -0.03125),\t(30.0 * -0.015625),\t(30.0 * -0.0078125),\t(30.0 * -0.00390625),\t\n",
      "(30.5 * 0),\t(30.5 * 0.00390625),\t(30.5 * 0.0078125),\t(30.5 * 0.015625),\t(30.5 * 0.03125),\t(30.5 * 0.0625),\t(30.5 * 0.125),\t(30.5 * 0.25),\t\n",
      "(31.0 * 0.5),\t(31.0 * 1.0),\t(31.0 * 2.0),\t(31.0 * 4.0),\t(31.0 * 8.0),\t(31.0 * 16.0),\t(31.0 * 32.0),\t(31.0 * 64.0),\t\n",
      "(31.5 * 128.0),\t(31.5 * 256.0),\t(31.5 * 512.0),\t(31.5 * 1024.0),\t(31.5 * 2048.0),\t(31.5 * 4096.0),\t(31.5 * 8192.0),\t(31.5 * 16384.0),\t\n",
      "(32.0 * 32768.0),\t(32.0 * 65536.0),\t(32.0 * 131072.0),\t(32.0 * 262144.0),\t(32.0 * 524288.0),\t(32.0 * 1048576.0),\t(32.0 * 2097152.0),\t(32.0 * 4194304.0),\t\n"
     ]
    },
    {
     "ename": "IndexError",
     "evalue": "list index out of range",
     "output_type": "error",
     "traceback": [
      "\u001b[0;31m---------------------------------------------------------------------------\u001b[0m",
      "\u001b[0;31mIndexError\u001b[0m                                Traceback (most recent call last)",
      "\u001b[0;32m<ipython-input-10-00c88a07d0a3>\u001b[0m in \u001b[0;36m<module>\u001b[0;34m\u001b[0m\n\u001b[1;32m     11\u001b[0m             \u001b[0mprint\u001b[0m\u001b[0;34m(\u001b[0m\u001b[0;34m)\u001b[0m\u001b[0;34m\u001b[0m\u001b[0;34m\u001b[0m\u001b[0m\n\u001b[1;32m     12\u001b[0m             \u001b[0mi\u001b[0m \u001b[0;34m=\u001b[0m \u001b[0mi\u001b[0m \u001b[0;34m+\u001b[0m \u001b[0;36m1\u001b[0m\u001b[0;34m\u001b[0m\u001b[0;34m\u001b[0m\u001b[0m\n\u001b[0;32m---> 13\u001b[0;31m         \u001b[0mprint\u001b[0m\u001b[0;34m(\u001b[0m\u001b[0;34mf'({weight_v[i]} * {input_v[j]}),'\u001b[0m\u001b[0;34m,\u001b[0m \u001b[0mend\u001b[0m\u001b[0;34m=\u001b[0m\u001b[0;34m'\\t'\u001b[0m\u001b[0;34m)\u001b[0m\u001b[0;34m\u001b[0m\u001b[0;34m\u001b[0m\u001b[0m\n\u001b[0m\u001b[1;32m     14\u001b[0m         \u001b[0mj\u001b[0m \u001b[0;34m=\u001b[0m \u001b[0mj\u001b[0m \u001b[0;34m+\u001b[0m \u001b[0;36m1\u001b[0m\u001b[0;34m\u001b[0m\u001b[0;34m\u001b[0m\u001b[0m\n",
      "\u001b[0;31mIndexError\u001b[0m: list index out of range"
     ]
    }
   ],
   "source": [
    "# weight_v = list(range(64))\n",
    "weight_v = list(chain.from_iterable(weight_m))\n",
    "# input_v = list(range(64, 128))\n",
    "input_v = list(chain.from_iterable(input_m))\n",
    "\n",
    "i = -1\n",
    "while (i < 64):\n",
    "    j = 0\n",
    "    while (j < 64):\n",
    "        if (j % 8 == 0):\n",
    "            print()\n",
    "            i = i + 1\n",
    "        print(f'({weight_v[i]} * {input_v[j]}),', end='\\t')\n",
    "        j = j + 1"
   ]
  },
  {
   "cell_type": "markdown",
   "id": "ec63c323",
   "metadata": {},
   "source": [
    "### 레포트 관련\n",
    "\n",
    "- 작은 소수에 큰 수를 더했을 때 생기는 오차는 어쩔 수 없었다"
   ]
  }
 ],
 "metadata": {
  "kernelspec": {
   "display_name": "venv",
   "language": "python",
   "name": "venv"
  },
  "language_info": {
   "codemirror_mode": {
    "name": "ipython",
    "version": 3
   },
   "file_extension": ".py",
   "mimetype": "text/x-python",
   "name": "python",
   "nbconvert_exporter": "python",
   "pygments_lexer": "ipython3",
   "version": "3.8.10"
  }
 },
 "nbformat": 4,
 "nbformat_minor": 5
}
